# deg / Ox Oy / Cx Cy / Ax Ay / Bx By / Px Py
# DEG_DIV=1
0.000
0.0 0.0
0.0 1.0
0.0 -2.0
0.0 0.0
0.0 1.0
0.0 4.0

1.000
0.0 0.0
-0.017 1.0
0.0 -2.0
-0.023 0.0
-0.017 1.0
0.0 4.0

2.000
0.0 0.0
-0.035 0.999
0.0 -2.0
-0.047 -0.001
-0.035 0.999
0.0 3.999

3.000
0.0 0.0
-0.052 0.999
0.0 -2.0
-0.07 -0.001
-0.052 0.999
0.0 3.998

4.000
0.0 0.0
-0.07 0.998
0.0 -2.0
-0.093 -0.002
-0.07 0.998
0.0 3.997

5.000
0.0 0.0
-0.087 0.996
0.0 -2.0
-0.116 -0.003
-0.087 0.996
0.0 3.995

6.000
0.0 0.0
-0.105 0.995
0.0 -2.0
-0.139 -0.005
-0.105 0.995
0.0 3.993

7.000
0.0 0.0
-0.122 0.993
0.0 -2.0
-0.163 -0.007
-0.122 0.993
0.0 3.99

8.000
0.0 0.0
-0.139 0.99
0.0 -2.0
-0.186 -0.009
-0.139 0.99
0.001 3.987

9.000
0.0 0.0
-0.156 0.988
0.0 -2.0
-0.209 -0.011
-0.156 0.988
0.001 3.984

10.000
0.0 0.0
-0.174 0.985
0.0 -2.0
-0.232 -0.013
-0.174 0.985
0.001 3.98

11.000
0.0 0.0
-0.191 0.982
0.0 -2.0
-0.255 -0.016
-0.191 0.982
0.002 3.975

12.000
0.0 0.0
-0.208 0.978
0.0 -2.0
-0.278 -0.019
-0.208 0.978
0.002 3.971

13.000
0.0 0.0
-0.225 0.974
0.0 -2.0
-0.301 -0.023
-0.225 0.974
0.003 3.966

14.000
0.0 0.0
-0.242 0.97
0.0 -2.0
-0.324 -0.026
-0.242 0.97
0.003 3.96

15.000
0.0 0.0
-0.259 0.966
0.0 -2.0
-0.346 -0.03
-0.259 0.966
0.004 3.954

16.000
0.0 0.0
-0.276 0.961
0.0 -2.0
-0.369 -0.034
-0.276 0.961
0.005 3.948

17.000
0.0 0.0
-0.292 0.956
0.0 -2.0
-0.392 -0.039
-0.292 0.956
0.006 3.941

18.000
0.0 0.0
-0.309 0.951
0.0 -2.0
-0.414 -0.043
-0.309 0.951
0.007 3.934

19.000
0.0 0.0
-0.326 0.946
0.0 -2.0
-0.437 -0.048
-0.326 0.946
0.008 3.927

20.000
0.0 0.0
-0.342 0.94
0.0 -2.0
-0.459 -0.053
-0.342 0.94
0.009 3.919

21.000
0.0 0.0
-0.358 0.934
0.0 -2.0
-0.481 -0.059
-0.358 0.934
0.011 3.911

22.000
0.0 0.0
-0.375 0.927
0.0 -2.0
-0.504 -0.064
-0.375 0.927
0.013 3.902

23.000
0.0 0.0
-0.391 0.921
0.0 -2.0
-0.526 -0.07
-0.391 0.921
0.014 3.893

24.000
0.0 0.0
-0.407 0.914
0.0 -2.0
-0.548 -0.076
-0.407 0.914
0.016 3.884

25.000
0.0 0.0
-0.423 0.906
0.0 -2.0
-0.57 -0.083
-0.423 0.906
0.018 3.874

26.000
0.0 0.0
-0.438 0.899
0.0 -2.0
-0.591 -0.089
-0.438 0.899
0.021 3.863

27.000
0.0 0.0
-0.454 0.891
0.0 -2.0
-0.613 -0.096
-0.454 0.891
0.023 3.853

28.000
0.0 0.0
-0.469 0.883
0.0 -2.0
-0.635 -0.103
-0.469 0.883
0.026 3.842

29.000
0.0 0.0
-0.485 0.875
0.0 -2.0
-0.656 -0.111
-0.485 0.875
0.029 3.83

30.000
0.0 0.0
-0.5 0.866
0.0 -2.0
-0.677 -0.118
-0.5 0.866
0.032 3.819

31.000
0.0 0.0
-0.515 0.857
0.0 -2.0
-0.698 -0.126
-0.515 0.857
0.035 3.806

32.000
0.0 0.0
-0.53 0.848
0.0 -2.0
-0.719 -0.134
-0.53 0.848
0.038 3.794

33.000
0.0 0.0
-0.545 0.839
0.0 -2.0
-0.74 -0.142
-0.545 0.839
0.042 3.781

34.000
0.0 0.0
-0.559 0.829
0.0 -2.0
-0.761 -0.15
-0.559 0.829
0.046 3.767

35.000
0.0 0.0
-0.574 0.819
0.0 -2.0
-0.781 -0.159
-0.574 0.819
0.05 3.754

36.000
0.0 0.0
-0.588 0.809
0.0 -2.0
-0.802 -0.168
-0.588 0.809
0.055 3.739

37.000
0.0 0.0
-0.602 0.799
0.0 -2.0
-0.822 -0.177
-0.602 0.799
0.059 3.725

38.000
0.0 0.0
-0.616 0.788
0.0 -2.0
-0.842 -0.186
-0.616 0.788
0.064 3.71

39.000
0.0 0.0
-0.629 0.777
0.0 -2.0
-0.862 -0.195
-0.629 0.777
0.069 3.695

40.000
0.0 0.0
-0.643 0.766
0.0 -2.0
-0.882 -0.205
-0.643 0.766
0.075 3.679

41.000
0.0 0.0
-0.656 0.755
0.0 -2.0
-0.902 -0.215
-0.656 0.755
0.08 3.663

42.000
0.0 0.0
-0.669 0.743
0.0 -2.0
-0.921 -0.225
-0.669 0.743
0.086 3.646

43.000
0.0 0.0
-0.682 0.731
0.0 -2.0
-0.94 -0.235
-0.682 0.731
0.092 3.63

44.000
0.0 0.0
-0.695 0.719
0.0 -2.0
-0.959 -0.245
-0.695 0.719
0.099 3.612

45.000
0.0 0.0
-0.707 0.707
0.0 -2.0
-0.978 -0.255
-0.707 0.707
0.106 3.595

46.000
0.0 0.0
-0.719 0.695
0.0 -2.0
-0.997 -0.266
-0.719 0.695
0.113 3.577

47.000
0.0 0.0
-0.731 0.682
0.0 -2.0
-1.015 -0.277
-0.731 0.682
0.12 3.559

48.000
0.0 0.0
-0.743 0.669
0.0 -2.0
-1.034 -0.288
-0.743 0.669
0.128 3.54

49.000
0.0 0.0
-0.755 0.656
0.0 -2.0
-1.052 -0.299
-0.755 0.656
0.136 3.521

50.000
0.0 0.0
-0.766 0.643
0.0 -2.0
-1.07 -0.31
-0.766 0.643
0.145 3.501

51.000
0.0 0.0
-0.777 0.629
0.0 -2.0
-1.087 -0.321
-0.777 0.629
0.153 3.481

52.000
0.0 0.0
-0.788 0.616
0.0 -2.0
-1.105 -0.333
-0.788 0.616
0.162 3.461

53.000
0.0 0.0
-0.799 0.602
0.0 -2.0
-1.122 -0.344
-0.799 0.602
0.172 3.441

54.000
0.0 0.0
-0.809 0.588
0.0 -2.0
-1.139 -0.356
-0.809 0.588
0.181 3.42

55.000
0.0 0.0
-0.819 0.574
0.0 -2.0
-1.156 -0.368
-0.819 0.574
0.192 3.398

56.000
0.0 0.0
-0.829 0.559
0.0 -2.0
-1.173 -0.38
-0.829 0.559
0.202 3.376

57.000
0.0 0.0
-0.839 0.545
0.0 -2.0
-1.189 -0.392
-0.839 0.545
0.213 3.354

58.000
0.0 0.0
-0.848 0.53
0.0 -2.0
-1.205 -0.404
-0.848 0.53
0.224 3.332

59.000
0.0 0.0
-0.857 0.515
0.0 -2.0
-1.221 -0.416
-0.857 0.515
0.236 3.309

60.000
0.0 0.0
-0.866 0.5
0.0 -2.0
-1.237 -0.429
-0.866 0.5
0.247 3.286

61.000
0.0 0.0
-0.875 0.485
0.0 -2.0
-1.253 -0.441
-0.875 0.485
0.26 3.262

62.000
0.0 0.0
-0.883 0.469
0.0 -2.0
-1.268 -0.453
-0.883 0.469
0.272 3.238

63.000
0.0 0.0
-0.891 0.454
0.0 -2.0
-1.283 -0.466
-0.891 0.454
0.286 3.214

64.000
0.0 0.0
-0.899 0.438
0.0 -2.0
-1.298 -0.478
-0.899 0.438
0.299 3.189

65.000
0.0 0.0
-0.906 0.423
0.0 -2.0
-1.313 -0.491
-0.906 0.423
0.313 3.164

66.000
0.0 0.0
-0.914 0.407
0.0 -2.0
-1.327 -0.504
-0.914 0.407
0.327 3.138

67.000
0.0 0.0
-0.921 0.391
0.0 -2.0
-1.341 -0.516
-0.921 0.391
0.342 3.112

68.000
0.0 0.0
-0.927 0.375
0.0 -2.0
-1.355 -0.529
-0.927 0.375
0.357 3.086

69.000
0.0 0.0
-0.934 0.358
0.0 -2.0
-1.369 -0.542
-0.934 0.358
0.372 3.059

70.000
0.0 0.0
-0.94 0.342
0.0 -2.0
-1.382 -0.555
-0.94 0.342
0.388 3.032

71.000
0.0 0.0
-0.946 0.326
0.0 -2.0
-1.396 -0.567
-0.946 0.326
0.405 3.005

72.000
0.0 0.0
-0.951 0.309
0.0 -2.0
-1.409 -0.58
-0.951 0.309
0.422 2.977

73.000
0.0 0.0
-0.956 0.292
0.0 -2.0
-1.421 -0.593
-0.956 0.292
0.439 2.948

74.000
0.0 0.0
-0.961 0.276
0.0 -2.0
-1.434 -0.606
-0.961 0.276
0.456 2.92

75.000
0.0 0.0
-0.966 0.259
0.0 -2.0
-1.446 -0.618
-0.966 0.259
0.474 2.89

76.000
0.0 0.0
-0.97 0.242
0.0 -2.0
-1.458 -0.631
-0.97 0.242
0.493 2.861

77.000
0.0 0.0
-0.974 0.225
0.0 -2.0
-1.47 -0.644
-0.974 0.225
0.512 2.831

78.000
0.0 0.0
-0.978 0.208
0.0 -2.0
-1.481 -0.656
-0.978 0.208
0.531 2.8

79.000
0.0 0.0
-0.982 0.191
0.0 -2.0
-1.493 -0.669
-0.982 0.191
0.551 2.77

80.000
0.0 0.0
-0.985 0.174
0.0 -2.0
-1.504 -0.681
-0.985 0.174
0.572 2.738

81.000
0.0 0.0
-0.988 0.156
0.0 -2.0
-1.514 -0.694
-0.988 0.156
0.592 2.707

82.000
0.0 0.0
-0.99 0.139
0.0 -2.0
-1.525 -0.706
-0.99 0.139
0.614 2.674

83.000
0.0 0.0
-0.993 0.122
0.0 -2.0
-1.535 -0.718
-0.993 0.122
0.635 2.642

84.000
0.0 0.0
-0.995 0.105
0.0 -2.0
-1.545 -0.73
-0.995 0.105
0.657 2.609

85.000
0.0 0.0
-0.996 0.087
0.0 -2.0
-1.555 -0.742
-0.996 0.087
0.68 2.575

86.000
0.0 0.0
-0.998 0.07
0.0 -2.0
-1.564 -0.754
-0.998 0.07
0.703 2.541

87.000
0.0 0.0
-0.999 0.052
0.0 -2.0
-1.574 -0.766
-0.999 0.052
0.727 2.507

88.000
0.0 0.0
-0.999 0.035
0.0 -2.0
-1.583 -0.777
-0.999 0.035
0.751 2.472

89.000
0.0 0.0
-1.0 0.017
0.0 -2.0
-1.591 -0.789
-1.0 0.017
0.775 2.436

90.000
0.0 0.0
-1.0 0.0
0.0 -2.0
-1.6 -0.8
-1.0 0.0
0.8 2.4

91.000
0.0 0.0
-1.0 -0.017
0.0 -2.0
-1.608 -0.811
-1.0 -0.017
0.825 2.363

92.000
0.0 0.0
-0.999 -0.035
0.0 -2.0
-1.616 -0.822
-0.999 -0.035
0.851 2.326

93.000
0.0 0.0
-0.999 -0.052
0.0 -2.0
-1.624 -0.833
-0.999 -0.052
0.877 2.289

94.000
0.0 0.0
-0.998 -0.07
0.0 -2.0
-1.631 -0.843
-0.998 -0.07
0.904 2.25

95.000
0.0 0.0
-0.996 -0.087
0.0 -2.0
-1.639 -0.853
-0.996 -0.087
0.931 2.212

96.000
0.0 0.0
-0.995 -0.105
0.0 -2.0
-1.646 -0.863
-0.995 -0.105
0.959 2.172

97.000
0.0 0.0
-0.993 -0.122
0.0 -2.0
-1.652 -0.873
-0.993 -0.122
0.987 2.132

98.000
0.0 0.0
-0.99 -0.139
0.0 -2.0
-1.659 -0.883
-0.99 -0.139
1.016 2.092

99.000
0.0 0.0
-0.988 -0.156
0.0 -2.0
-1.665 -0.892
-0.988 -0.156
1.044 2.05

100.000
0.0 0.0
-0.985 -0.174
0.0 -2.0
-1.671 -0.901
-0.985 -0.174
1.074 2.009

101.000
0.0 0.0
-0.982 -0.191
0.0 -2.0
-1.677 -0.91
-0.982 -0.191
1.104 1.966

102.000
0.0 0.0
-0.978 -0.208
0.0 -2.0
-1.682 -0.918
-0.978 -0.208
1.134 1.923

103.000
0.0 0.0
-0.974 -0.225
0.0 -2.0
-1.687 -0.926
-0.974 -0.225
1.164 1.879

104.000
0.0 0.0
-0.97 -0.242
0.0 -2.0
-1.692 -0.934
-0.97 -0.242
1.195 1.834

105.000
0.0 0.0
-0.966 -0.259
0.0 -2.0
-1.697 -0.941
-0.966 -0.259
1.227 1.789

106.000
0.0 0.0
-0.961 -0.276
0.0 -2.0
-1.701 -0.948
-0.961 -0.276
1.258 1.742

107.000
0.0 0.0
-0.956 -0.292
0.0 -2.0
-1.705 -0.955
-0.956 -0.292
1.291 1.695

108.000
0.0 0.0
-0.951 -0.309
0.0 -2.0
-1.709 -0.961
-0.951 -0.309
1.323 1.648

109.000
0.0 0.0
-0.946 -0.326
0.0 -2.0
-1.713 -0.967
-0.946 -0.326
1.356 1.599

110.000
0.0 0.0
-0.94 -0.342
0.0 -2.0
-1.716 -0.973
-0.94 -0.342
1.389 1.549

111.000
0.0 0.0
-0.934 -0.358
0.0 -2.0
-1.719 -0.978
-0.934 -0.358
1.422 1.499

112.000
0.0 0.0
-0.927 -0.375
0.0 -2.0
-1.722 -0.982
-0.927 -0.375
1.456 1.448

113.000
0.0 0.0
-0.921 -0.391
0.0 -2.0
-1.724 -0.986
-0.921 -0.391
1.49 1.395

114.000
0.0 0.0
-0.914 -0.407
0.0 -2.0
-1.726 -0.99
-0.914 -0.407
1.524 1.342

115.000
0.0 0.0
-0.906 -0.423
0.0 -2.0
-1.728 -0.993
-0.906 -0.423
1.558 1.288

116.000
0.0 0.0
-0.899 -0.438
0.0 -2.0
-1.729 -0.995
-0.899 -0.438
1.593 1.232

117.000
0.0 0.0
-0.891 -0.454
0.0 -2.0
-1.731 -0.997
-0.891 -0.454
1.628 1.176

118.000
0.0 0.0
-0.883 -0.469
0.0 -2.0
-1.731 -0.999
-0.883 -0.469
1.662 1.119

119.000
0.0 0.0
-0.875 -0.485
0.0 -2.0
-1.732 -1.0
-0.875 -0.485
1.697 1.06

120.000
0.0 0.0
-0.866 -0.5
0.0 -2.0
-1.732 -1.0
-0.866 -0.5
1.732 1.0

121.000
0.0 0.0
-0.857 -0.515
0.0 -2.0
-1.732 -1.0
-0.857 -0.515
1.767 0.939

122.000
0.0 0.0
-0.848 -0.53
0.0 -2.0
-1.731 -0.999
-0.848 -0.53
1.802 0.877

123.000
0.0 0.0
-0.839 -0.545
0.0 -2.0
-1.73 -0.997
-0.839 -0.545
1.837 0.813

124.000
0.0 0.0
-0.829 -0.559
0.0 -2.0
-1.729 -0.995
-0.829 -0.559
1.871 0.748

125.000
0.0 0.0
-0.819 -0.574
0.0 -2.0
-1.727 -0.992
-0.819 -0.574
1.906 0.682

126.000
0.0 0.0
-0.809 -0.588
0.0 -2.0
-1.725 -0.988
-0.809 -0.588
1.94 0.614

127.000
0.0 0.0
-0.799 -0.602
0.0 -2.0
-1.723 -0.984
-0.799 -0.602
1.974 0.545

128.000
0.0 0.0
-0.788 -0.616
0.0 -2.0
-1.72 -0.979
-0.788 -0.616
2.007 0.474

129.000
0.0 0.0
-0.777 -0.629
0.0 -2.0
-1.716 -0.973
-0.777 -0.629
2.04 0.402

130.000
0.0 0.0
-0.766 -0.643
0.0 -2.0
-1.712 -0.966
-0.766 -0.643
2.073 0.328

131.000
0.0 0.0
-0.755 -0.656
0.0 -2.0
-1.708 -0.959
-0.755 -0.656
2.104 0.253

132.000
0.0 0.0
-0.743 -0.669
0.0 -2.0
-1.703 -0.951
-0.743 -0.669
2.135 0.176

133.000
0.0 0.0
-0.731 -0.682
0.0 -2.0
-1.697 -0.942
-0.731 -0.682
2.166 0.097

134.000
0.0 0.0
-0.719 -0.695
0.0 -2.0
-1.691 -0.932
-0.719 -0.695
2.195 0.017

135.000
0.0 0.0
-0.707 -0.707
0.0 -2.0
-1.684 -0.921
-0.707 -0.707
2.223 -0.065

136.000
0.0 0.0
-0.695 -0.719
0.0 -2.0
-1.676 -0.909
-0.695 -0.719
2.251 -0.149

137.000
0.0 0.0
-0.682 -0.731
0.0 -2.0
-1.668 -0.897
-0.682 -0.731
2.277 -0.235

138.000
0.0 0.0
-0.669 -0.743
0.0 -2.0
-1.659 -0.883
-0.669 -0.743
2.301 -0.322

139.000
0.0 0.0
-0.656 -0.755
0.0 -2.0
-1.65 -0.869
-0.656 -0.755
2.324 -0.412

140.000
0.0 0.0
-0.643 -0.766
0.0 -2.0
-1.639 -0.854
-0.643 -0.766
2.346 -0.503

141.000
0.0 0.0
-0.629 -0.777
0.0 -2.0
-1.627 -0.838
-0.629 -0.777
2.365 -0.596

142.000
0.0 0.0
-0.616 -0.788
0.0 -2.0
-1.615 -0.82
-0.616 -0.788
2.383 -0.691

143.000
0.0 0.0
-0.602 -0.799
0.0 -2.0
-1.602 -0.802
-0.602 -0.799
2.398 -0.787

144.000
0.0 0.0
-0.588 -0.809
0.0 -2.0
-1.587 -0.783
-0.588 -0.809
2.411 -0.886

145.000
0.0 0.0
-0.574 -0.819
0.0 -2.0
-1.572 -0.764
-0.574 -0.819
2.422 -0.986

146.000
0.0 0.0
-0.559 -0.829
0.0 -2.0
-1.555 -0.743
-0.559 -0.829
2.43 -1.088

147.000
0.0 0.0
-0.545 -0.839
0.0 -2.0
-1.538 -0.721
-0.545 -0.839
2.435 -1.191

148.000
0.0 0.0
-0.53 -0.848
0.0 -2.0
-1.519 -0.699
-0.53 -0.848
2.436 -1.296

149.000
0.0 0.0
-0.515 -0.857
0.0 -2.0
-1.498 -0.675
-0.515 -0.857
2.435 -1.403

150.000
0.0 0.0
-0.5 -0.866
0.0 -2.0
-1.477 -0.651
-0.5 -0.866
2.43 -1.511

151.000
0.0 0.0
-0.485 -0.875
0.0 -2.0
-1.453 -0.626
-0.485 -0.875
2.421 -1.62

152.000
0.0 0.0
-0.469 -0.883
0.0 -2.0
-1.429 -0.6
-0.469 -0.883
2.408 -1.73

153.000
0.0 0.0
-0.454 -0.891
0.0 -2.0
-1.402 -0.574
-0.454 -0.891
2.391 -1.842

154.000
0.0 0.0
-0.438 -0.899
0.0 -2.0
-1.375 -0.547
-0.438 -0.899
2.37 -1.954

155.000
0.0 0.0
-0.423 -0.906
0.0 -2.0
-1.345 -0.52
-0.423 -0.906
2.344 -2.066

156.000
0.0 0.0
-0.407 -0.914
0.0 -2.0
-1.313 -0.492
-0.407 -0.914
2.313 -2.179

157.000
0.0 0.0
-0.391 -0.921
0.0 -2.0
-1.28 -0.463
-0.391 -0.921
2.277 -2.292

158.000
0.0 0.0
-0.375 -0.927
0.0 -2.0
-1.245 -0.435
-0.375 -0.927
2.236 -2.405

159.000
0.0 0.0
-0.358 -0.934
0.0 -2.0
-1.208 -0.406
-0.358 -0.934
2.19 -2.517

160.000
0.0 0.0
-0.342 -0.94
0.0 -2.0
-1.169 -0.377
-0.342 -0.94
2.138 -2.628

161.000
0.0 0.0
-0.326 -0.946
0.0 -2.0
-1.128 -0.348
-0.326 -0.946
2.08 -2.738

162.000
0.0 0.0
-0.309 -0.951
0.0 -2.0
-1.084 -0.319
-0.309 -0.951
2.017 -2.846

163.000
0.0 0.0
-0.292 -0.956
0.0 -2.0
-1.039 -0.291
-0.292 -0.956
1.947 -2.952

164.000
0.0 0.0
-0.276 -0.961
0.0 -2.0
-0.992 -0.263
-0.276 -0.961
1.872 -3.056

165.000
0.0 0.0
-0.259 -0.966
0.0 -2.0
-0.942 -0.236
-0.259 -0.966
1.791 -3.156

166.000
0.0 0.0
-0.242 -0.97
0.0 -2.0
-0.891 -0.209
-0.242 -0.97
1.704 -3.253

167.000
0.0 0.0
-0.225 -0.974
0.0 -2.0
-0.837 -0.184
-0.225 -0.974
1.611 -3.347

168.000
0.0 0.0
-0.208 -0.978
0.0 -2.0
-0.782 -0.159
-0.208 -0.978
1.513 -3.436

169.000
0.0 0.0
-0.191 -0.982
0.0 -2.0
-0.724 -0.136
-0.191 -0.982
1.409 -3.52

170.000
0.0 0.0
-0.174 -0.985
0.0 -2.0
-0.665 -0.114
-0.174 -0.985
1.3 -3.598

171.000
0.0 0.0
-0.156 -0.988
0.0 -2.0
-0.604 -0.093
-0.156 -0.988
1.185 -3.671

172.000
0.0 0.0
-0.139 -0.99
0.0 -2.0
-0.541 -0.075
-0.139 -0.99
1.066 -3.737

173.000
0.0 0.0
-0.122 -0.993
0.0 -2.0
-0.477 -0.058
-0.122 -0.993
0.943 -3.797

174.000
0.0 0.0
-0.105 -0.995
0.0 -2.0
-0.411 -0.043
-0.105 -0.995
0.816 -3.85

175.000
0.0 0.0
-0.087 -0.996
0.0 -2.0
-0.345 -0.03
-0.087 -0.996
0.685 -3.895

176.000
0.0 0.0
-0.07 -0.998
0.0 -2.0
-0.277 -0.019
-0.07 -0.998
0.552 -3.932

177.000
0.0 0.0
-0.052 -0.999
0.0 -2.0
-0.208 -0.011
-0.052 -0.999
0.416 -3.962

178.000
0.0 0.0
-0.035 -0.999
0.0 -2.0
-0.139 -0.005
-0.035 -0.999
0.278 -3.983

179.000
0.0 0.0
-0.017 -1.0
0.0 -2.0
-0.07 -0.001
-0.017 -1.0
0.14 -3.996

180.000
0.0 0.0
0.0 -1.0
0.0 -2.0
0.0 0.0
0.0 -1.0
0.0 -4.0

181.000
0.0 0.0
0.017 -1.0
0.0 -2.0
0.07 -0.001
0.017 -1.0
-0.14 -3.996

182.000
0.0 0.0
0.035 -0.999
0.0 -2.0
0.139 -0.005
0.035 -0.999
-0.278 -3.983

183.000
0.0 0.0
0.052 -0.999
0.0 -2.0
0.208 -0.011
0.052 -0.999
-0.416 -3.962

184.000
0.0 0.0
0.07 -0.998
0.0 -2.0
0.277 -0.019
0.07 -0.998
-0.552 -3.932

185.000
0.0 0.0
0.087 -0.996
0.0 -2.0
0.345 -0.03
0.087 -0.996
-0.685 -3.895

186.000
0.0 0.0
0.105 -0.995
0.0 -2.0
0.411 -0.043
0.105 -0.995
-0.816 -3.85

187.000
0.0 0.0
0.122 -0.993
0.0 -2.0
0.477 -0.058
0.122 -0.993
-0.943 -3.797

188.000
0.0 0.0
0.139 -0.99
0.0 -2.0
0.541 -0.075
0.139 -0.99
-1.066 -3.737

189.000
0.0 0.0
0.156 -0.988
0.0 -2.0
0.604 -0.093
0.156 -0.988
-1.185 -3.671

190.000
0.0 0.0
0.174 -0.985
0.0 -2.0
0.665 -0.114
0.174 -0.985
-1.3 -3.598

191.000
0.0 0.0
0.191 -0.982
0.0 -2.0
0.724 -0.136
0.191 -0.982
-1.409 -3.52

192.000
0.0 0.0
0.208 -0.978
0.0 -2.0
0.782 -0.159
0.208 -0.978
-1.513 -3.436

193.000
0.0 0.0
0.225 -0.974
0.0 -2.0
0.837 -0.184
0.225 -0.974
-1.611 -3.347

194.000
0.0 0.0
0.242 -0.97
0.0 -2.0
0.891 -0.209
0.242 -0.97
-1.704 -3.253

195.000
0.0 0.0
0.259 -0.966
0.0 -2.0
0.942 -0.236
0.259 -0.966
-1.791 -3.156

196.000
0.0 0.0
0.276 -0.961
0.0 -2.0
0.992 -0.263
0.276 -0.961
-1.872 -3.056

197.000
0.0 0.0
0.292 -0.956
0.0 -2.0
1.039 -0.291
0.292 -0.956
-1.947 -2.952

198.000
0.0 0.0
0.309 -0.951
0.0 -2.0
1.084 -0.319
0.309 -0.951
-2.017 -2.846

199.000
0.0 0.0
0.326 -0.946
0.0 -2.0
1.128 -0.348
0.326 -0.946
-2.08 -2.738

200.000
0.0 0.0
0.342 -0.94
0.0 -2.0
1.169 -0.377
0.342 -0.94
-2.138 -2.628

201.000
0.0 0.0
0.358 -0.934
0.0 -2.0
1.208 -0.406
0.358 -0.934
-2.19 -2.517

202.000
0.0 0.0
0.375 -0.927
0.0 -2.0
1.245 -0.435
0.375 -0.927
-2.236 -2.405

203.000
0.0 0.0
0.391 -0.921
0.0 -2.0
1.28 -0.463
0.391 -0.921
-2.277 -2.292

204.000
0.0 0.0
0.407 -0.914
0.0 -2.0
1.313 -0.492
0.407 -0.914
-2.313 -2.179

205.000
0.0 0.0
0.423 -0.906
0.0 -2.0
1.345 -0.52
0.423 -0.906
-2.344 -2.066

206.000
0.0 0.0
0.438 -0.899
0.0 -2.0
1.375 -0.547
0.438 -0.899
-2.37 -1.954

207.000
0.0 0.0
0.454 -0.891
0.0 -2.0
1.402 -0.574
0.454 -0.891
-2.391 -1.842

208.000
0.0 0.0
0.469 -0.883
0.0 -2.0
1.429 -0.6
0.469 -0.883
-2.408 -1.73

209.000
0.0 0.0
0.485 -0.875
0.0 -2.0
1.453 -0.626
0.485 -0.875
-2.421 -1.62

210.000
0.0 0.0
0.5 -0.866
0.0 -2.0
1.477 -0.651
0.5 -0.866
-2.43 -1.511

211.000
0.0 0.0
0.515 -0.857
0.0 -2.0
1.498 -0.675
0.515 -0.857
-2.435 -1.403

212.000
0.0 0.0
0.53 -0.848
0.0 -2.0
1.519 -0.699
0.53 -0.848
-2.436 -1.296

213.000
0.0 0.0
0.545 -0.839
0.0 -2.0
1.538 -0.721
0.545 -0.839
-2.435 -1.191

214.000
0.0 0.0
0.559 -0.829
0.0 -2.0
1.555 -0.743
0.559 -0.829
-2.43 -1.088

215.000
0.0 0.0
0.574 -0.819
0.0 -2.0
1.572 -0.764
0.574 -0.819
-2.422 -0.986

216.000
0.0 0.0
0.588 -0.809
0.0 -2.0
1.587 -0.783
0.588 -0.809
-2.411 -0.886

217.000
0.0 0.0
0.602 -0.799
0.0 -2.0
1.602 -0.802
0.602 -0.799
-2.398 -0.787

218.000
0.0 0.0
0.616 -0.788
0.0 -2.0
1.615 -0.82
0.616 -0.788
-2.383 -0.691

219.000
0.0 0.0
0.629 -0.777
0.0 -2.0
1.627 -0.838
0.629 -0.777
-2.365 -0.596

220.000
0.0 0.0
0.643 -0.766
0.0 -2.0
1.639 -0.854
0.643 -0.766
-2.346 -0.503

221.000
0.0 0.0
0.656 -0.755
0.0 -2.0
1.65 -0.869
0.656 -0.755
-2.324 -0.412

222.000
0.0 0.0
0.669 -0.743
0.0 -2.0
1.659 -0.883
0.669 -0.743
-2.301 -0.322

223.000
0.0 0.0
0.682 -0.731
0.0 -2.0
1.668 -0.897
0.682 -0.731
-2.277 -0.235

224.000
0.0 0.0
0.695 -0.719
0.0 -2.0
1.676 -0.909
0.695 -0.719
-2.251 -0.149

225.000
0.0 0.0
0.707 -0.707
0.0 -2.0
1.684 -0.921
0.707 -0.707
-2.223 -0.065

226.000
0.0 0.0
0.719 -0.695
0.0 -2.0
1.691 -0.932
0.719 -0.695
-2.195 0.017

227.000
0.0 0.0
0.731 -0.682
0.0 -2.0
1.697 -0.942
0.731 -0.682
-2.166 0.097

228.000
0.0 0.0
0.743 -0.669
0.0 -2.0
1.703 -0.951
0.743 -0.669
-2.135 0.176

229.000
0.0 0.0
0.755 -0.656
0.0 -2.0
1.708 -0.959
0.755 -0.656
-2.104 0.253

230.000
0.0 0.0
0.766 -0.643
0.0 -2.0
1.712 -0.966
0.766 -0.643
-2.073 0.328

231.000
0.0 0.0
0.777 -0.629
0.0 -2.0
1.716 -0.973
0.777 -0.629
-2.04 0.402

232.000
0.0 0.0
0.788 -0.616
0.0 -2.0
1.72 -0.979
0.788 -0.616
-2.007 0.474

233.000
0.0 0.0
0.799 -0.602
0.0 -2.0
1.723 -0.984
0.799 -0.602
-1.974 0.545

234.000
0.0 0.0
0.809 -0.588
0.0 -2.0
1.725 -0.988
0.809 -0.588
-1.94 0.614

235.000
0.0 0.0
0.819 -0.574
0.0 -2.0
1.727 -0.992
0.819 -0.574
-1.906 0.682

236.000
0.0 0.0
0.829 -0.559
0.0 -2.0
1.729 -0.995
0.829 -0.559
-1.871 0.748

237.000
0.0 0.0
0.839 -0.545
0.0 -2.0
1.73 -0.997
0.839 -0.545
-1.837 0.813

238.000
0.0 0.0
0.848 -0.53
0.0 -2.0
1.731 -0.999
0.848 -0.53
-1.802 0.877

239.000
0.0 0.0
0.857 -0.515
0.0 -2.0
1.732 -1.0
0.857 -0.515
-1.767 0.939

240.000
0.0 0.0
0.866 -0.5
0.0 -2.0
1.732 -1.0
0.866 -0.5
-1.732 1.0

241.000
0.0 0.0
0.875 -0.485
0.0 -2.0
1.732 -1.0
0.875 -0.485
-1.697 1.06

242.000
0.0 0.0
0.883 -0.469
0.0 -2.0
1.731 -0.999
0.883 -0.469
-1.662 1.119

243.000
0.0 0.0
0.891 -0.454
0.0 -2.0
1.731 -0.997
0.891 -0.454
-1.628 1.176

244.000
0.0 0.0
0.899 -0.438
0.0 -2.0
1.729 -0.995
0.899 -0.438
-1.593 1.232

245.000
0.0 0.0
0.906 -0.423
0.0 -2.0
1.728 -0.993
0.906 -0.423
-1.558 1.288

246.000
0.0 0.0
0.914 -0.407
0.0 -2.0
1.726 -0.99
0.914 -0.407
-1.524 1.342

247.000
0.0 0.0
0.921 -0.391
0.0 -2.0
1.724 -0.986
0.921 -0.391
-1.49 1.395

248.000
0.0 0.0
0.927 -0.375
0.0 -2.0
1.722 -0.982
0.927 -0.375
-1.456 1.448

249.000
0.0 0.0
0.934 -0.358
0.0 -2.0
1.719 -0.978
0.934 -0.358
-1.422 1.499

250.000
0.0 0.0
0.94 -0.342
0.0 -2.0
1.716 -0.973
0.94 -0.342
-1.389 1.549

251.000
0.0 0.0
0.946 -0.326
0.0 -2.0
1.713 -0.967
0.946 -0.326
-1.356 1.599

252.000
0.0 0.0
0.951 -0.309
0.0 -2.0
1.709 -0.961
0.951 -0.309
-1.323 1.648

253.000
0.0 0.0
0.956 -0.292
0.0 -2.0
1.705 -0.955
0.956 -0.292
-1.291 1.695

254.000
0.0 0.0
0.961 -0.276
0.0 -2.0
1.701 -0.948
0.961 -0.276
-1.258 1.742

255.000
0.0 0.0
0.966 -0.259
0.0 -2.0
1.697 -0.941
0.966 -0.259
-1.227 1.789

256.000
0.0 0.0
0.97 -0.242
0.0 -2.0
1.692 -0.934
0.97 -0.242
-1.195 1.834

257.000
0.0 0.0
0.974 -0.225
0.0 -2.0
1.687 -0.926
0.974 -0.225
-1.164 1.879

258.000
0.0 0.0
0.978 -0.208
0.0 -2.0
1.682 -0.918
0.978 -0.208
-1.134 1.923

259.000
0.0 0.0
0.982 -0.191
0.0 -2.0
1.677 -0.91
0.982 -0.191
-1.104 1.966

260.000
0.0 0.0
0.985 -0.174
0.0 -2.0
1.671 -0.901
0.985 -0.174
-1.074 2.009

261.000
0.0 0.0
0.988 -0.156
0.0 -2.0
1.665 -0.892
0.988 -0.156
-1.044 2.05

262.000
0.0 0.0
0.99 -0.139
0.0 -2.0
1.659 -0.883
0.99 -0.139
-1.016 2.092

263.000
0.0 0.0
0.993 -0.122
0.0 -2.0
1.652 -0.873
0.993 -0.122
-0.987 2.132

264.000
0.0 0.0
0.995 -0.105
0.0 -2.0
1.646 -0.863
0.995 -0.105
-0.959 2.172

265.000
0.0 0.0
0.996 -0.087
0.0 -2.0
1.639 -0.853
0.996 -0.087
-0.931 2.212

266.000
0.0 0.0
0.998 -0.07
0.0 -2.0
1.631 -0.843
0.998 -0.07
-0.904 2.25

267.000
0.0 0.0
0.999 -0.052
0.0 -2.0
1.624 -0.833
0.999 -0.052
-0.877 2.289

268.000
0.0 0.0
0.999 -0.035
0.0 -2.0
1.616 -0.822
0.999 -0.035
-0.851 2.326

269.000
0.0 0.0
1.0 -0.017
0.0 -2.0
1.608 -0.811
1.0 -0.017
-0.825 2.363

270.000
0.0 0.0
1.0 0.0
0.0 -2.0
1.6 -0.8
1.0 0.0
-0.8 2.4

271.000
0.0 0.0
1.0 0.017
0.0 -2.0
1.591 -0.789
1.0 0.017
-0.775 2.436

272.000
0.0 0.0
0.999 0.035
0.0 -2.0
1.583 -0.777
0.999 0.035
-0.751 2.472

273.000
0.0 0.0
0.999 0.052
0.0 -2.0
1.574 -0.766
0.999 0.052
-0.727 2.507

274.000
0.0 0.0
0.998 0.07
0.0 -2.0
1.564 -0.754
0.998 0.07
-0.703 2.541

275.000
0.0 0.0
0.996 0.087
0.0 -2.0
1.555 -0.742
0.996 0.087
-0.68 2.575

276.000
0.0 0.0
0.995 0.105
0.0 -2.0
1.545 -0.73
0.995 0.105
-0.657 2.609

277.000
0.0 0.0
0.993 0.122
0.0 -2.0
1.535 -0.718
0.993 0.122
-0.635 2.642

278.000
0.0 0.0
0.99 0.139
0.0 -2.0
1.525 -0.706
0.99 0.139
-0.614 2.674

279.000
0.0 0.0
0.988 0.156
0.0 -2.0
1.514 -0.694
0.988 0.156
-0.592 2.707

280.000
0.0 0.0
0.985 0.174
0.0 -2.0
1.504 -0.681
0.985 0.174
-0.572 2.738

281.000
0.0 0.0
0.982 0.191
0.0 -2.0
1.493 -0.669
0.982 0.191
-0.551 2.77

282.000
0.0 0.0
0.978 0.208
0.0 -2.0
1.481 -0.656
0.978 0.208
-0.531 2.8

283.000
0.0 0.0
0.974 0.225
0.0 -2.0
1.47 -0.644
0.974 0.225
-0.512 2.831

284.000
0.0 0.0
0.97 0.242
0.0 -2.0
1.458 -0.631
0.97 0.242
-0.493 2.861

285.000
0.0 0.0
0.966 0.259
0.0 -2.0
1.446 -0.618
0.966 0.259
-0.474 2.89

286.000
0.0 0.0
0.961 0.276
0.0 -2.0
1.434 -0.606
0.961 0.276
-0.456 2.92

287.000
0.0 0.0
0.956 0.292
0.0 -2.0
1.421 -0.593
0.956 0.292
-0.439 2.948

288.000
0.0 0.0
0.951 0.309
0.0 -2.0
1.409 -0.58
0.951 0.309
-0.422 2.977

289.000
0.0 0.0
0.946 0.326
0.0 -2.0
1.396 -0.567
0.946 0.326
-0.405 3.005

290.000
0.0 0.0
0.94 0.342
0.0 -2.0
1.382 -0.555
0.94 0.342
-0.388 3.032

291.000
0.0 0.0
0.934 0.358
0.0 -2.0
1.369 -0.542
0.934 0.358
-0.372 3.059

292.000
0.0 0.0
0.927 0.375
0.0 -2.0
1.355 -0.529
0.927 0.375
-0.357 3.086

293.000
0.0 0.0
0.921 0.391
0.0 -2.0
1.341 -0.516
0.921 0.391
-0.342 3.112

294.000
0.0 0.0
0.914 0.407
0.0 -2.0
1.327 -0.504
0.914 0.407
-0.327 3.138

295.000
0.0 0.0
0.906 0.423
0.0 -2.0
1.313 -0.491
0.906 0.423
-0.313 3.164

296.000
0.0 0.0
0.899 0.438
0.0 -2.0
1.298 -0.478
0.899 0.438
-0.299 3.189

297.000
0.0 0.0
0.891 0.454
0.0 -2.0
1.283 -0.466
0.891 0.454
-0.286 3.214

298.000
0.0 0.0
0.883 0.469
0.0 -2.0
1.268 -0.453
0.883 0.469
-0.272 3.238

299.000
0.0 0.0
0.875 0.485
0.0 -2.0
1.253 -0.441
0.875 0.485
-0.26 3.262

300.000
0.0 0.0
0.866 0.5
0.0 -2.0
1.237 -0.429
0.866 0.5
-0.247 3.286

301.000
0.0 0.0
0.857 0.515
0.0 -2.0
1.221 -0.416
0.857 0.515
-0.236 3.309

302.000
0.0 0.0
0.848 0.53
0.0 -2.0
1.205 -0.404
0.848 0.53
-0.224 3.332

303.000
0.0 0.0
0.839 0.545
0.0 -2.0
1.189 -0.392
0.839 0.545
-0.213 3.354

304.000
0.0 0.0
0.829 0.559
0.0 -2.0
1.173 -0.38
0.829 0.559
-0.202 3.376

305.000
0.0 0.0
0.819 0.574
0.0 -2.0
1.156 -0.368
0.819 0.574
-0.192 3.398

306.000
0.0 0.0
0.809 0.588
0.0 -2.0
1.139 -0.356
0.809 0.588
-0.181 3.42

307.000
0.0 0.0
0.799 0.602
0.0 -2.0
1.122 -0.344
0.799 0.602
-0.172 3.441

308.000
0.0 0.0
0.788 0.616
0.0 -2.0
1.105 -0.333
0.788 0.616
-0.162 3.461

309.000
0.0 0.0
0.777 0.629
0.0 -2.0
1.087 -0.321
0.777 0.629
-0.153 3.481

310.000
0.0 0.0
0.766 0.643
0.0 -2.0
1.07 -0.31
0.766 0.643
-0.145 3.501

311.000
0.0 0.0
0.755 0.656
0.0 -2.0
1.052 -0.299
0.755 0.656
-0.136 3.521

312.000
0.0 0.0
0.743 0.669
0.0 -2.0
1.034 -0.288
0.743 0.669
-0.128 3.54

313.000
0.0 0.0
0.731 0.682
0.0 -2.0
1.015 -0.277
0.731 0.682
-0.12 3.559

314.000
0.0 0.0
0.719 0.695
0.0 -2.0
0.997 -0.266
0.719 0.695
-0.113 3.577

315.000
0.0 0.0
0.707 0.707
0.0 -2.0
0.978 -0.255
0.707 0.707
-0.106 3.595

316.000
0.0 0.0
0.695 0.719
0.0 -2.0
0.959 -0.245
0.695 0.719
-0.099 3.612

317.000
0.0 0.0
0.682 0.731
0.0 -2.0
0.94 -0.235
0.682 0.731
-0.092 3.63

318.000
0.0 0.0
0.669 0.743
0.0 -2.0
0.921 -0.225
0.669 0.743
-0.086 3.646

319.000
0.0 0.0
0.656 0.755
0.0 -2.0
0.902 -0.215
0.656 0.755
-0.08 3.663

320.000
0.0 0.0
0.643 0.766
0.0 -2.0
0.882 -0.205
0.643 0.766
-0.075 3.679

321.000
0.0 0.0
0.629 0.777
0.0 -2.0
0.862 -0.195
0.629 0.777
-0.069 3.695

322.000
0.0 0.0
0.616 0.788
0.0 -2.0
0.842 -0.186
0.616 0.788
-0.064 3.71

323.000
0.0 0.0
0.602 0.799
0.0 -2.0
0.822 -0.177
0.602 0.799
-0.059 3.725

324.000
0.0 0.0
0.588 0.809
0.0 -2.0
0.802 -0.168
0.588 0.809
-0.055 3.739

325.000
0.0 0.0
0.574 0.819
0.0 -2.0
0.781 -0.159
0.574 0.819
-0.05 3.754

326.000
0.0 0.0
0.559 0.829
0.0 -2.0
0.761 -0.15
0.559 0.829
-0.046 3.767

327.000
0.0 0.0
0.545 0.839
0.0 -2.0
0.74 -0.142
0.545 0.839
-0.042 3.781

328.000
0.0 0.0
0.53 0.848
0.0 -2.0
0.719 -0.134
0.53 0.848
-0.038 3.794

329.000
0.0 0.0
0.515 0.857
0.0 -2.0
0.698 -0.126
0.515 0.857
-0.035 3.806

330.000
0.0 0.0
0.5 0.866
0.0 -2.0
0.677 -0.118
0.5 0.866
-0.032 3.819

331.000
0.0 0.0
0.485 0.875
0.0 -2.0
0.656 -0.111
0.485 0.875
-0.029 3.83

332.000
0.0 0.0
0.469 0.883
0.0 -2.0
0.635 -0.103
0.469 0.883
-0.026 3.842

333.000
0.0 0.0
0.454 0.891
0.0 -2.0
0.613 -0.096
0.454 0.891
-0.023 3.853

334.000
0.0 0.0
0.438 0.899
0.0 -2.0
0.591 -0.089
0.438 0.899
-0.021 3.863

335.000
0.0 0.0
0.423 0.906
0.0 -2.0
0.57 -0.083
0.423 0.906
-0.018 3.874

336.000
0.0 0.0
0.407 0.914
0.0 -2.0
0.548 -0.076
0.407 0.914
-0.016 3.884

337.000
0.0 0.0
0.391 0.921
0.0 -2.0
0.526 -0.07
0.391 0.921
-0.014 3.893

338.000
0.0 0.0
0.375 0.927
0.0 -2.0
0.504 -0.064
0.375 0.927
-0.013 3.902

339.000
0.0 0.0
0.358 0.934
0.0 -2.0
0.481 -0.059
0.358 0.934
-0.011 3.911

340.000
0.0 0.0
0.342 0.94
0.0 -2.0
0.459 -0.053
0.342 0.94
-0.009 3.919

341.000
0.0 0.0
0.326 0.946
0.0 -2.0
0.437 -0.048
0.326 0.946
-0.008 3.927

342.000
0.0 0.0
0.309 0.951
0.0 -2.0
0.414 -0.043
0.309 0.951
-0.007 3.934

343.000
0.0 0.0
0.292 0.956
0.0 -2.0
0.392 -0.039
0.292 0.956
-0.006 3.941

344.000
0.0 0.0
0.276 0.961
0.0 -2.0
0.369 -0.034
0.276 0.961
-0.005 3.948

345.000
0.0 0.0
0.259 0.966
0.0 -2.0
0.346 -0.03
0.259 0.966
-0.004 3.954

346.000
0.0 0.0
0.242 0.97
0.0 -2.0
0.324 -0.026
0.242 0.97
-0.003 3.96

347.000
0.0 0.0
0.225 0.974
0.0 -2.0
0.301 -0.023
0.225 0.974
-0.003 3.966

348.000
0.0 0.0
0.208 0.978
0.0 -2.0
0.278 -0.019
0.208 0.978
-0.002 3.971

349.000
0.0 0.0
0.191 0.982
0.0 -2.0
0.255 -0.016
0.191 0.982
-0.002 3.975

350.000
0.0 0.0
0.174 0.985
0.0 -2.0
0.232 -0.013
0.174 0.985
-0.001 3.98

351.000
0.0 0.0
0.156 0.988
0.0 -2.0
0.209 -0.011
0.156 0.988
-0.001 3.984

352.000
0.0 0.0
0.139 0.99
0.0 -2.0
0.186 -0.009
0.139 0.99
-0.001 3.987

353.000
0.0 0.0
0.122 0.993
0.0 -2.0
0.163 -0.007
0.122 0.993
0.0 3.99

354.000
0.0 0.0
0.105 0.995
0.0 -2.0
0.139 -0.005
0.105 0.995
0.0 3.993

355.000
0.0 0.0
0.087 0.996
0.0 -2.0
0.116 -0.003
0.087 0.996
0.0 3.995

356.000
0.0 0.0
0.07 0.998
0.0 -2.0
0.093 -0.002
0.07 0.998
0.0 3.997

357.000
0.0 0.0
0.052 0.999
0.0 -2.0
0.07 -0.001
0.052 0.999
0.0 3.998

358.000
0.0 0.0
0.035 0.999
0.0 -2.0
0.047 -0.001
0.035 0.999
0.0 3.999

359.000
0.0 0.0
0.017 1.0
0.0 -2.0
0.023 0.0
0.017 1.0
0.0 4.0

360.000
0.0 0.0
0.0 1.0
0.0 -2.0
0.0 0.0
0.0 1.0
0.0 4.0

